20230905	(주)에스에이치비쥬얼	0	0	0	0	0	0
20230911	(주)에스에이치비쥬얼	0	0	0	0	0	0
20230921	(주)에스에이치비쥬얼	0	0	0	0	0	0
20231001	(주)에스에이치비쥬얼	0	0	0	0	0	0
20231011	(주)에스에이치비쥬얼	0	0	0	0	0	0
20231021	(주)에스에이치비쥬얼	0	0	0	0	0	0
20231101	(주)에스에이치비쥬얼	0	0	0	0	0	0
20231111	(주)에스에이치비쥬얼	0	0	0	0	0	0
20231121	(주)에스에이치비쥬얼	0	0	0	0	0	0
20231201	(주)에스에이치비쥬얼	0	0	0	0	0	0
20231211	(주)에스에이치비쥬얼	0	0	0	0	0	0
20231221	(주)에스에이치비쥬얼	0	0	0	0	0	0
20240101	(주)에스에이치비쥬얼	0	0	0	0	0	0
20240111	(주)에스에이치비쥬얼	0	0	0	0	0	0
20240121	(주)에스에이치비쥬얼	0	0	0	0	0	0
